308.97545422804404 139.57736314603406 326.68338224079645 153.8579089054104 0.9822460412979126
1023.0483632684178 448.5877034745583 1039.56723086666 462.02851194311677 0.9815883636474609
40.41039839386941 422.59074211120594 55.09745612740516 439.79709148406977 0.9794267416000366
1035.6059861183169 429.78176593780523 1052.8768801689146 447.489194869995 0.9792903661727905
-5.233756061643362 673.1313371658326 8.833788335323332 691.887617111206 0.9776098132133484
1063.1110310554502 1.8122895061969757 1080.4574346542356 19.34038460254669 0.9768399000167847
283.38257074356073 341.0610938072205 304.4536614418029 355.3910422325135 0.9763432145118713
1065.944023132324 374.68683242797846 1082.5951337814329 390.02636432647705 0.9751469492912292
259.9399620294571 367.39663124084467 274.97934937477106 389.58356380462646 0.9747830033302307
107.09469974040982 312.7148222923278 124.42704588174821 330.6612038612366 0.9736990332603455
-7.376348040997981 422.9088735580445 9.620518125593662 439.8239994049071 0.972209095954895
13.496732264757155 664.5688676834106 29.95846554636955 684.5735120773314 0.9721238017082214
64.17371347546577 398.4767818450928 80.06568521261215 414.5459175109863 0.9713389873504639
59.524569511413574 433.2765769958496 74.5411366224289 453.2599353790282 0.971255898475647
641.9204598626492 467.7421520317274 659.0728865273134 482.3862381188262 0.9708097577095032
-5.3648170083761215 490.2217626571655 9.965381473302841 509.4135046005249 0.970708429813385
649.325466156006 423.5723876953125 662.4297523498534 438.93337726593023 0.9698687195777893
540.5674213542233 683.382330520885 554.0746246229223 699.0651864476475 0.9698677062988281
269.3685972690582 136.9989216327667 283.6341083049774 155.54701924324033 0.9693453311920166
241.93515121936798 103.2779538631439 259.06419932842255 119.0721523761749 0.9687864780426025
346.1593294143676 307.88034439086914 363.65636587142944 324.10579919815063 0.9687830209732056
134.8752119459549 35.216678113945314 153.02994892175838 50.43872251565524 0.9683218598365784
702.6073980331422 400.3639841079712 717.1726942062378 416.2705564498901 0.96774822473526
372.29396939277643 526.1861944198607 386.4468598365784 543.3111763000488 0.9677331447601318
271.29804968833923 262.84013271331787 288.2665193080902 280.16196727752686 0.9676733016967773
199.0168404579163 372.4548912048339 216.95927381515503 388.3763980865478 0.9674769043922424
105.21675378084181 126.86958074569705 126.61211550235748 142.0517420768738 0.9673572778701782
821.2385630607606 376.1107635498047 835.9533333778381 396.0565280914306 0.966661274433136
473.4532034397126 446.3532257080078 492.6532280445099 464.73077774047863 0.9660148024559021
380.5405390262604 18.325774669647217 398.52285146713257 35.59401333332061 0.9653717279434204
241.14127099514008 386.88517570495605 256.8011659383774 402.58064746856684 0.9651210308074951
-6.057085432112216 646.1025238037109 9.189662486314774 664.5164251327516 0.9645193219184875
134.47093427181244 407.061824798584 155.2029079198837 424.42434310913086 0.963841438293457
305.57066202163696 295.17892599105835 322.25569725036627 312.5234627723693 0.9635706543922424
761.4522528648375 521.9045734405518 779.2918825149537 539.7861099243164 0.9631094336509705
1065.1084613800049 233.43299388885498 1079.9867391586304 252.8974199295044 0.9629621505737305
398.7016475200653 195.80100059509277 414.2242348194123 211.38523578643796 0.9627999067306519
1059.510262012482 682.1499538421631 1076.3907337188718 697.8737068176268 0.9627705216407776
75.67728012800218 283.71301889419556 89.4890820980072 298.99665355682373 0.962679922580719
693.8591694831848 601.3094186782836 709.9515867233276 616.243314743042 0.962440550327301
946.9822382926942 314.22657966613764 964.3307018280028 330.0341677665711 0.9621265530586243
149.18737828731537 64.88864421844482 162.50708878040317 82.63139247894286 0.9620428681373596
928.8504195213317 264.27438497543335 946.9724535942078 278.3450603485107 0.9618512988090515
9.05210740864277 690.7392454147338 27.053397819399834 707.1388292312623 0.960930585861206
352.37621784210205 337.32737302780157 367.529593706131 357.35096454620367 0.9608941674232483
954.2295455932617 418.2944440841674 974.9158787727357 435.4005861282349 0.9602640867233276
881.823420524597 406.7718029022217 900.4489803314207 424.1505861282348 0.9602534770965576
46.21963262557983 313.8221454620361 65.12103080749512 327.0581173896789 0.9601200222969055
1035.0151062011719 21.115341782569885 1054.3129777908323 38.51475119590759 0.9594864845275879
886.5086174011232 495.8444452285767 902.177653312683 512.951145172119 0.9592297673225403
