845.655505657196 340.2558088302613 860.8346629142762 356.2775874137878 0.9851251840591431
166.28217995166779 515.8982276916504 182.0202076435089 531.5875625610352 0.9818134307861328
1023.2011127471924 458.38552951812744 1037.7734899520876 475.26761054992676 0.9770207405090332
13.907729834318163 645.6410980224609 29.456871002912518 664.019980430603 0.976993203163147
622.5225377082825 460.4975652694701 635.7037496566771 475.05505084991466 0.9739606380462646
163.2009494304657 393.79059791564947 183.49690854549408 411.7223453521729 0.9732517600059509
216.32659971714023 322.21048593521124 233.3207380771637 335.8550763130188 0.9725520014762878
10.114869698882101 660.3567266464232 26.598938405513756 675.8876180648803 0.9704959392547607
74.27036762237549 507.7974843978882 89.14187014102936 524.3433666229248 0.9681767821311951
14.90821424871683 169.64521408081055 30.09508118033409 188.4898567199707 0.9677556753158569
179.62556362152097 647.2346735000611 197.15839147567752 663.0564022064209 0.9657749533653259
-4.371652007102966 306.16538286209106 13.083763271570206 322.97066688537603 0.96564120054245
441.8175995349884 418.7370300292969 456.61563634872437 435.1918458938598 0.9643959403038025
170.25489628314972 528.6834383010864 187.63709127902985 543.8504934310913 0.9643840789794922
405.16759514808655 453.3979082107544 422.3917543888092 473.5742139816284 0.9643670916557312
502.2587120532989 373.8800668716431 519.8319661617279 390.91248035430914 0.9643539190292358
908.1234669685364 349.618992805481 925.512421131134 368.08177471160883 0.9639761447906494
13.903468139469624 626.2665367126466 30.724934935569756 645.0518274307251 0.963701605796814
802.5298333168029 455.21880626678455 819.3241095542909 470.5913829803467 0.9634339809417725
149.14173781871796 525.7992267608643 167.64643728733063 544.9813556671143 0.9625898003578186
618.8653135299683 419.6344757080078 634.6302008628844 437.3098468780518 0.9623917937278748
556.0844993591307 382.8074884414672 572.6824378967286 398.1749582290649 0.9617320895195007
184.2818248271942 587.1326351165771 201.12734198570251 606.5797662734985 0.9613189697265625
633.602228164673 370.33646106719976 651.4448189735414 386.8109321594238 0.9609664678573608
570.3002500534058 443.8408756256103 588.0722880363464 460.36160945892334 0.9599323868751526
169.54898178577423 631.0465764999391 188.35058569908145 646.3509607315062 0.9595122933387756
397.6205348968506 385.522141456604 415.3365361690522 398.16822052001953 0.9593071937561035
442.64797925949097 435.19832611083984 462.67043352127075 451.46740436553955 0.9589937329292297
289.5348608493805 682.1950578689574 303.9809703826905 701.1871147155763 0.95869380235672
1041.1787581443787 2.7727476507425304 1054.6224188804626 18.917209804058075 0.9586883187294006
-6.9833457469940186 402.59562492370605 10.635631307959555 419.3847513198852 0.9585549831390381
-6.192447301000357 630.2610540390014 9.708635732531546 648.8894462585448 0.9575273394584656
1064.018304347992 42.29352235794067 1079.3109512329104 61.28352999687194 0.9569608569145203
688.7082982063295 347.8374481201172 707.4250102043152 362.2242593765258 0.9568678736686707
184.13387954235074 1.67113222181797 199.5399194955826 22.21273273229599 0.9560448527336121
109.96660530567169 275.94356060028076 126.82226121425629 291.97505950927734 0.9560022354125977
77.45257526636125 525.8242464065552 91.62494659423828 543.8275766372681 0.9557799100875854
806.7624235153199 343.0662274360656 825.386438369751 360.7785272598267 0.9556835293769836
1066.1496949195862 478.6969327926636 1079.6715044975278 494.73092079162603 0.9553849101066589
1018.601725101471 306.33155107498163 1033.7743163108828 322.66993761062616 0.9551907181739807
754.6338629722595 383.6045122146607 772.6960945129393 399.9356031417846 0.9550179243087769
-6.329377759248018 427.36121177673334 9.39480721950531 443.2418632507324 0.954656720161438
64.7622236609459 365.82884788513184 80.4562523961067 382.947735786438 0.9546151161193848
172.40408599376678 434.4303560256957 189.95802819728848 453.25401306152344 0.954204797744751
867.4368238449096 338.41682195663446 884.202196598053 355.0352525711059 0.9540717601776123
127.37327009439468 326.96520566940313 144.90911543369293 344.02798175811773 0.9540121555328369
530.6494331359864 412.47696876525885 546.0683798789978 426.7051219940185 0.9537014365196228
70.6295183300972 379.2154312133789 86.51306122541428 395.2770566940308 0.9536628127098083
652.4402189254761 492.1534252166749 668.3946847915649 507.7199363708496 0.9535437822341919
217.92219758033755 674.2709970474244 233.92045319080353 693.9796972274779 0.9532646536827087
