-5.056717190891503 672.7674150466918 8.739789649844171 692.0495796203612 0.977164089679718
780.6368279457091 283.2650685310364 799.0130710601806 297.406554222107 0.973401665687561
14.350736886262895 678.1496000289917 29.642369896173477 696.5364217758179 0.9719451665878296
13.510936573147774 660.9447956085205 29.92958821356296 681.12247467041 0.9713978171348572
-5.4758473858237275 657.6943016052246 8.425108194351196 676.2983179092406 0.9702677726745605
483.34060907363886 422.20347404479986 500.0560927391053 439.4348001480103 0.9661473035812378
640.0476408004761 370.21234989166254 661.2830114364624 387.22682476043707 0.965945839881897
-5.85496572777629 590.1522445678711 9.019341543316841 609.0207052230835 0.9658122658729553
560.1078772544861 199.44642305374143 576.1439037322999 214.1338348388672 0.9652491807937622
-5.658145733177661 574.1606140136719 9.070854038000107 593.1861019134521 0.9642698764801025
887.9958271980286 91.43213868141173 904.4412660598755 106.36900663375857 0.9629665613174438
-5.509919822216034 534.3336725234985 9.145817421376705 553.050684928894 0.9619578123092651
521.08189702034 259.4730806350708 537.0171797275542 276.0278034210205 0.9615433216094971
-5.735720247030257 641.8559646606444 9.094140976667404 660.6712532043458 0.960798442363739
482.327345609665 337.80223131179815 497.3943328857422 355.3394365310669 0.9607598185539246
791.9328117370604 366.39739036560053 807.1491122245787 383.5105276107788 0.9605259299278259
1064.1285753250122 85.94809412956236 1079.7467565536497 104.89745020866393 0.9604538679122925
-5.835690535604954 606.0944795608522 9.056141786277294 624.8450946807861 0.9603049159049988
474.5958888530731 349.83653068542486 489.6155297756196 369.33837890625 0.9598260521888733
-5.562070515006781 550.1609373092651 9.082529693841932 568.8991069793702 0.9593831300735474
1063.9716982841492 42.138394117355354 1079.3562054634092 61.33008241653441 0.9587615132331848
-5.7245736569166175 621.8571138381957 9.196674115955831 640.9253454208375 0.9587474465370178
1041.031858921051 2.7749416977167125 1054.5462656021116 18.810012638568878 0.9574475884437561
888.8119563040008 115.03321803307078 907.4587951330244 130.29730163951737 0.9568818211555481
1064.5109510421753 118.1898772716522 1079.8084259033203 136.51273369789126 0.9565799236297607
852.0082211494445 279.69974756240845 870.8016014099121 296.3675093650818 0.9562764167785645
-5.693247634917497 310.2693557739258 9.158958569169044 328.8155221939087 0.9553055763244629
-5.452749039977788 294.1959500312805 9.317531436681746 313.2435607910156 0.955184817314148
747.292892932892 283.96720647811895 767.8167486190797 297.95175075531006 0.9549076557159424
-5.574787706136704 261.94058418273926 9.07319862395525 281.16700172424316 0.9547475576400757
1064.3784070014954 101.94659113883974 1079.6930050849915 120.75121521949771 0.9545238018035889
729.5085597038268 58.49831342697142 749.3208360671997 74.96030688285828 0.9544767737388611
-5.450495481491089 514.3451642990112 9.030665159225464 533.2127237319946 0.9542321562767029
667.7959513664244 251.13542318344113 684.1992902755737 270.64870834350586 0.9539965391159058
-5.413317047059536 241.78238868713373 9.319231286644934 261.47154092788696 0.9532244801521301
-6.261009592562914 421.0858726501464 9.629712402820585 439.902491569519 0.9530578255653381
427.69786119461054 357.82397747039795 446.4816498756408 378.85498523712164 0.9528442025184631
-5.228686183691024 174.42572593688968 9.630478844046591 192.91940689086914 0.9524256587028503
1064.28307056427 57.86854147911072 1079.7096133232117 77.03510284423828 0.9521694183349609
822.479031085968 274.2055320739746 835.6427335739136 288.46900463104254 0.9519850015640259
788.8420701026918 153.75689148902893 807.7997303009034 170.93735218048093 0.9519790410995483
422.2969973087311 319.13291931152344 440.6714379787445 334.82512950897217 0.9519436955451965
-5.585123598575592 225.89583635330195 9.246630594134333 245.15583515167236 0.9518845081329346
-5.49320798367262 277.9900431632996 9.235760606825352 297.2708344459533 0.9518768787384033
602.3952198028564 193.61924886703494 616.4096760749818 212.7093458175659 0.9518188834190369
696.8058443069459 337.90153741836554 710.4139137268066 356.1864352226257 0.9512279033660889
-6.026320159435273 470.382685661316 8.787857182323933 488.5996055603026 0.9512128233909607
-5.554252713918686 498.24148178100586 8.916464410722256 517.1163797378539 0.9511816501617432
844.9800395965575 296.0793972015381 862.2064518928528 318.60164880752563 0.9508880376815796
-5.816991180181502 689.6548175811766 9.828560650348665 708.1501722335815 0.9508153200149536
