525.3099828637953 375.46730665952936 542.1122294885008 389.6059345032676 0.9785142540931702
521.8690824508667 361.12665653228754 539.1845870018005 378.65568637847895 0.9766365885734558
926.5376257896424 214.1165184974671 941.8590474128723 231.5140557289124 0.9764420986175537
747.8017069705336 344.6320657220659 764.6742466762341 362.4541110171696 0.9750460982322693
15.433509126305578 382.2282600402832 30.93992874026299 400.17202377319336 0.9736082553863525
806.1594414710999 349.845929145813 822.5134062767028 369.0675830841064 0.9732778668403625
723.3213472366332 357.302405834198 738.8321542739868 375.4929113388061 0.9715355634689331
771.1152219772338 370.23385047912603 784.6877574920654 389.7350978851318 0.970829427242279
919.9368415749381 235.74292970439737 937.0776673252434 251.9054645643596 0.970689594745636
253.45602214336395 139.3173909187317 268.9825683832169 153.64389538764956 0.9706560969352722
66.76783338189125 226.7087388038635 81.00808203220367 243.27663660049436 0.9700709581375122
575.3016471862793 374.7776842117309 594.80628490448 392.59815216064453 0.9700218439102173
900.2614617347718 225.7959723472595 916.665186882019 244.84557867050168 0.9698280096054077
985.3286647796631 138.7492561340332 1000.9293365478516 154.86584544181827 0.9696243405342102
186.83046519756314 315.25899410247797 203.41243922710416 332.31750011444086 0.9689368009567261
230.67246437072754 58.76520395278931 247.03828990459448 72.98323452472687 0.9688979387283325
221.7548382282257 261.0637807846069 239.4021213054657 278.33152055740356 0.9683383703231812
726.8252992630005 319.10680532455444 746.2939524650574 339.5345091819763 0.9682689905166626
603.2976007461547 515.4354715347289 616.4234519004822 535.6710863113402 0.9666807651519775
896.2741971015931 413.3702087402344 912.833640575409 431.137933731079 0.9659425020217896
1004.0615987777712 394.72997188568115 1021.5155696868895 410.5914402008056 0.9659400582313538
904.3472170829774 368.94033908844 921.2637376785276 388.6285257339478 0.9659283757209778
403.5837936401367 186.89555168151858 418.0653405189515 204.01607036590573 0.9653856158256531
274.64760303497314 173.03271532058716 296.0182213783264 188.02467584609983 0.9650453925132751
102.74748533964157 559.1389989852904 116.55662387609483 575.8588600158691 0.9649837017059326
110.29534220695497 215.9784650802612 125.93878179788588 233.1544089317322 0.9648022055625916
390.11206626892096 459.91310119628906 405.3522491455078 477.02409267425537 0.9643736481666565
990.0441813468933 482.11355209350586 1005.7106423377991 502.1658754348755 0.9638385772705078
543.1661868095398 350.0932073593139 558.3278346061707 362.58594989776617 0.9631083011627197
83.08037012815474 181.4153051376343 95.90925246477127 199.09299373626712 0.9622372388839722
443.67373108863825 399.5634412765503 460.2097749710083 416.5239715576172 0.9616320729255676
27.88532048463821 169.86998319625857 42.148844003677375 183.9052963256836 0.9612036943435669
150.455060005188 257.39290952682495 166.25913441181186 278.0800151824951 0.9604848623275757
-6.501784790307284 129.54838871955872 9.58251088857651 146.68389558792117 0.9604429006576538
949.8065400123598 409.3902397155762 967.1544885635376 424.14466381073 0.9601964950561523
461.08833789825445 356.654019355774 479.4505476951599 371.27497673034674 0.9601889252662659
713.4751081466674 483.39547634124756 729.9109554290773 500.46621322631825 0.9600076079368591
879.5259475708008 504.9515962600709 892.2421932220457 523.0139780044557 0.9597461223602295
11.169355027377604 535.2467393875122 28.60895365476608 550.6867790222168 0.9591878652572632
408.34340572357183 175.16541481018064 424.2380046844482 191.46526336669922 0.9591843485832214
406.812551021576 375.23550510406494 423.8951218128205 391.441969871521 0.9589552879333496
626.4056468009949 312.59315729141235 642.2911047935485 328.0392694473267 0.9589332342147827
219.77305054664612 43.208946883678436 239.72199082374573 56.39047265052797 0.95842444896698
402.7616858482361 164.33097481727597 419.3151426315307 178.47584009170535 0.958231508731842
15.90258926153183 515.4159450531006 30.80541729927063 531.2257432937623 0.9581105709075928
947.1497368812562 218.32089185714725 961.1464905738829 235.51054716110232 0.9576574563980103
454.68373775482183 342.73408412933355 469.7735452651977 357.9572296142578 0.9576245546340942
1031.7430257797243 261.89125299453735 1046.6244578361511 280.5724310874939 0.957277774810791
854.1719913482665 346.0557532310485 869.9670052528381 362.11263656616217 0.9571914076805115
469.00139093399054 310.6279349327087 486.4037668704986 329.73873853683466 0.9569575786590576
