258.7879103422165 650.9397268295289 276.71941637992865 665.0151443481446 0.9795494675636292
1060.3888249397276 194.91310358047483 1075.3504014015198 210.32902479171756 0.9782015085220337
168.10758948326114 326.3069701194764 183.30230891704562 344.5798301696777 0.977382242679596
612.9472446441652 529.1640472412109 629.1945433616637 547.0857954025269 0.9753144979476929
-5.481328144669532 673.4001159667969 8.888373635709288 691.850323677063 0.9750205874443054
361.62420630455017 338.59528541564947 376.87909841537476 354.8331642150879 0.9717994928359985
247.26102287696332 430.65380615651657 263.45686597702326 446.82604989971503 0.9714104533195496
904.160921573639 477.8584957122803 920.9537172317507 497.48634338378906 0.9705557823181152
238.04476797580722 690.1128101348877 253.80159258842468 707.9876518249511 0.9702896475791931
547.4174451828004 558.5482263565062 563.8573479652404 577.7768325805664 0.9700413346290588
13.332735970616342 664.9124479293822 29.624047726392742 684.5663881301881 0.9697701930999756
357.26441502571106 585.4788494110107 371.4633643627167 605.8124828338623 0.9695224761962891
345.7671689987182 304.2545342445373 364.17102813720703 318.19442510604864 0.9679663181304932
887.0872020721434 437.7466821670533 902.4796915054321 456.63393974304205 0.9679210782051086
417.9706478118897 421.28877639770513 434.1121816635131 437.4436569213867 0.9678786396980286
728.7830758094786 519.6976518630981 749.4026541709901 534.7957420349121 0.9670792818069458
163.86138439178467 378.07778835296637 178.6512780189514 398.24023246765137 0.9668614864349365
1065.0946855545044 211.6499376296997 1080.5296611785889 228.95662307739258 0.9662494659423828
516.6192054748534 584.2095851898193 533.2663571834565 599.2590522766112 0.9659715294837952
-5.4365285485982895 618.2724380493164 9.223688654601574 637.0608186721802 0.9656896591186523
372.76015877723694 325.184326171875 390.3351187705994 343.8220310211181 0.9639938473701477
814.4326615333556 680.1843881607056 827.3224568367003 696.3763904571532 0.9639865159988403
8.785865642130375 691.2325572967529 27.328936457633976 707.2912216186522 0.9638500809669495
-6.123246811330318 645.9942483901979 8.767216578125954 664.3952322006224 0.9634804725646973
811.6162133216858 651.4502048492432 826.1276292800903 671.1818647384644 0.9631686806678772
482.8307425975799 663.4053468704222 499.3245899677277 681.2291193008422 0.9617998600006104
721.0463404655457 504.001407623291 740.2393484115601 518.910756111145 0.9613437652587891
415.86307525634766 518.3097696304321 430.6340110301971 536.794695854187 0.9603299498558044
492.0621550083161 412.57125377655035 505.719759464264 429.33102607727056 0.9599084258079529
728.7214708328248 370.3081798553467 743.2800722122194 387.2736883163452 0.9590878486633301
673.6597537994385 486.172227859497 689.7078824043274 505.7460021972656 0.9588211178779602
1041.0846447944639 2.732086703181267 1054.5690536499023 18.93415331840515 0.9585390090942383
937.5933694839478 235.81037521362305 954.7401523590088 251.44188165664673 0.9585286974906921
149.69740569591525 327.4989867210388 166.39124393463132 343.2995152473449 0.9584885239601135
663.2850766181946 502.626314163208 679.5968770980836 521.3476181030273 0.9579975605010986
828.3649778366088 370.96899032592773 845.6159806251525 386.83208942413324 0.957490086555481
923.19087266922 394.21777725219727 937.2133755683898 409.68880176544184 0.9574753046035767
214.46684718132022 540.4541730880738 228.49937617778778 557.5313901901246 0.957205057144165
-5.387205742299558 601.8540573120117 9.987041987478735 621.168794631958 0.9571852684020996
966.6338396072387 279.18203830718994 984.5580554008485 296.90691232681274 0.9570885300636292
15.412988215684893 580.3789615631104 29.97792229056358 600.4902935028076 0.9567092061042786
878.685235977173 392.6668167114258 894.3063139915466 408.95718097686773 0.9565635323524475
767.5928592681886 411.80100917816156 781.2436079978943 425.99272727966314 0.9563978910446167
1063.951485157013 46.02077901363372 1079.4047427177427 65.38125872611998 0.9548114538192749
976.1215853691101 172.73531198501587 992.0564818382264 191.14625215530398 0.9540069699287415
832.3927330970765 436.541748046875 848.1183528900146 451.99290275573725 0.9534918665885925
811.9715523719788 696.8468284606932 825.6761169433594 718.1169176101686 0.9531022906303406
351.62327885627747 547.3602819442748 368.84380102157587 565.1212692260742 0.952284574508667
760.4423689842224 508.48490238189703 778.8831138610841 523.4602546691893 0.951562225818634
504.10367488861095 446.8373107910156 518.9703011512756 465.6872320175172 0.951488733291626
