253.51582467556 135.22555232048038 268.30161452293396 148.3891797065735 0.9774366021156311
931.1898636817933 219.46389913558957 947.5834178924559 236.12908601760867 0.9765886068344116
-5.494154468178749 343.03715229034424 10.81510528922081 358.61834049224854 0.9759492874145508
98.02121043205263 336.73211574554443 114.16773319244388 353.7508606910706 0.9759125113487244
611.729371416546 272.60994967113265 627.4862112733506 288.2720708828472 0.975452184677124
146.9274348020554 175.24779081344607 162.14088678359983 191.02802038192752 0.9749475717544556
919.856218664969 235.19144717862576 937.3838427167124 251.83166544905237 0.9741044640541077
412.59138107299805 394.86601352691645 426.22062921524054 411.87353610992426 0.9738223552703857
760.5839252471925 423.73113155364985 778.9650607109071 439.9396991729736 0.973616898059845
-3.938526716083288 164.64568376541138 16.11555129289627 177.80651092529297 0.9731480479240417
938.2741141319273 541.1167430877686 953.5780906677245 555.7882118225099 0.9693614840507507
638.9657878875732 365.7270526885986 655.7215046882629 384.40303802490234 0.9688714146614075
230.8020955324173 59.06818628311156 247.22477853298184 73.17313492298126 0.9684098362922668
37.21408098936081 107.11184978485107 51.810932010412216 124.97861266136168 0.9674009084701538
100.39901286363602 353.7363123893738 118.11574637889863 373.1934213638306 0.9671266674995422
181.5754705667496 331.8878960609436 198.08618366718295 348.15875530242914 0.9669145345687866
64.86078277230263 239.04376745223996 80.71864485740662 255.16678333282468 0.9668074250221252
142.53513529237014 352.77851059071435 161.05747557069796 367.9280048340169 0.9661751389503479
186.30799770355227 315.45771360397345 203.06651473045352 331.7576479911805 0.9656310677528381
274.41499114036566 173.2189679145813 295.54141044616705 187.99954891204837 0.9655953049659729
270.26058197021484 207.26418256759644 289.84507441520685 224.51237440109253 0.9647822380065918
881.8143439292905 221.79950237274164 899.4549322128297 237.32093095779422 0.9643415212631226
403.31925272941595 186.82321786880493 418.005119562149 204.0823745727539 0.964205265045166
1004.7958374023438 393.9150953292846 1021.2767457962036 410.99720478057867 0.9640694260597229
989.5548176765442 481.67821884155285 1004.7760105133057 501.6547536849975 0.9640186429023743
985.3009843826292 139.0853583812714 1001.1377120018003 154.63245034217832 0.9635336995124817
187.68088278266944 350.54498384716106 202.36916985263883 367.37984812685795 0.9629409313201904
546.8483877182007 464.1269159317016 562.1094274520874 479.2619562149047 0.962926983833313
899.5630145072935 231.36337995529175 917.4687552452087 247.21268177032468 0.9629235863685608
560.2706766128541 330.93875885009766 573.9348793029786 349.2870426177979 0.9624211192131042
821.6725015640258 262.2206926345825 835.9938883781433 276.61780357360846 0.9622328877449036
36.112348884344094 474.6901416778564 50.80110043287278 491.82057380676264 0.9609978795051575
675.0904440879823 619.0792465209962 693.1369042396547 634.4826793670654 0.9604174494743347
366.236275434494 190.46185970306394 383.45538139343256 208.9944219589233 0.9590588808059692
668.7636065483093 462.22434997558594 684.7788405418395 480.0314283370971 0.9586576223373413
947.4501013755798 218.29224586486816 961.010856628418 235.4913854598999 0.9585857391357422
883.3307790756224 239.7535443305969 900.189685821533 255.26757001876834 0.9585577249526978
407.9380810260773 175.14139294624326 424.3045341968537 191.30044698715207 0.958263635635376
923.1789636611937 106.27185702323915 944.666097164154 121.40248775482175 0.9582261443138123
981.4146566390989 217.74112701416016 994.8308300971985 235.91813564300534 0.9579986929893494
623.8900780677795 312.54416942596436 636.7248988151551 328.1255936622619 0.9579434990882874
109.98161226511 216.1112880706787 127.03861892223357 232.1379804611206 0.9569957256317139
-4.433777499943972 497.31112003326416 10.289654508233072 514.0523099899292 0.9569482207298279
938.7141680717469 572.2959423065187 953.7289166450499 588.5905551910399 0.9558178186416626
1041.0556769371033 2.6928211748600006 1054.5774221420288 18.78969758749008 0.9557274580001831
901.1469125747681 196.33040428161618 920.8588314056396 210.84003925323483 0.955715000629425
893.3331871032716 162.14125156402585 908.4028458595276 179.42235946655273 0.9544118046760559
248.3347141742707 434.9774837493896 262.9498028755188 451.77519321441645 0.9544007182121277
504.1580700874329 359.4891357421875 520.2042996883393 375.23434638977056 0.9539304971694946
484.0609431266785 395.1538038253784 498.88386011123646 412.16227054595953 0.9536440968513489
