263.0622129217759 410.4089734007328 280.93844522391686 426.57605993453296 0.9774657487869263
526.3041579723358 407.42360115051275 542.5898551940918 424.6699905395508 0.9772058725357056
559.1712498664855 2.281603664159775 573.7196159362793 20.48995926976204 0.9758173227310181
541.0338950157166 424.60793495178234 555.1834058761597 443.31284523010265 0.9753216505050659
564.8601508140563 369.00574207305914 582.7956962585449 390.53448200225836 0.9751065969467163
805.0189447402953 209.4611048698425 825.7529139518737 222.33806848525995 0.9717724323272705
217.2048407793045 558.5505867004396 231.66673779487613 575.2085638046264 0.9677850604057312
203.56698274612424 553.4645175933837 218.88507306575778 573.9581394195556 0.9668971300125122
357.1040618419647 419.35792922973627 371.97207212448114 435.25634765625 0.966725766658783
917.4610948562621 287.26518630981445 932.8255176544191 304.5019841194153 0.9662540555000305
290.05248427391047 412.370195388794 305.6018829345703 429.8902130126953 0.9658271670341492
385.5890893936158 360.1948356628418 403.75145316123957 375.4056644439697 0.9653007984161377
836.7833590507507 317.51209259033203 853.2489466667174 336.0163736343384 0.9648681282997131
701.8343424797057 356.6623878479004 717.4747323989868 374.10790443420404 0.9630688428878784
447.90801832258 400.2741983735314 464.3507883530558 417.6611012998824 0.9627466797828674
1041.028254032135 2.635918781161308 1054.5262455940247 18.800860941410065 0.9615561366081238
931.1634707450866 239.09376382827756 944.68914270401 255.9129524230957 0.9603185057640076
561.3028335571289 391.3391876220703 578.4648728370667 406.84844970703125 0.9602787494659424
260.4561370611191 485.4616355895995 274.3175625801087 503.43917369842535 0.9599975943565369
232.17324078083038 338.3117008209228 245.95635652542117 358.1206941604614 0.959865391254425
1063.912217617035 34.046617448329926 1078.831307888031 53.20470571517944 0.9596289396286011
934.7857403755188 270.72582721710205 949.6649837493894 286.7845344543457 0.9591653347015381
604.6780800819396 420.202202796936 623.4333515167235 434.5385885238648 0.9580389261245728
911.3307881355285 305.06685733795166 929.6507692337037 324.0903496742249 0.9571120738983154
328.07968497276306 407.0173645019531 349.73315834999084 423.08941841125494 0.9570934176445007
595.6437134742736 358.1460356712341 611.3075995445251 375.6765031814575 0.9570257067680359
854.1136693954468 265.52236318588257 871.4293026924133 284.24207925796514 0.9569107890129089
13.781725689768795 616.6709661483764 30.78660227358341 637.0133543014525 0.956423282623291
124.39453750848772 484.74533557891834 141.10083997249603 499.26218032836914 0.9563915729522705
548.0158476800545 439.46488122757984 561.9002847793204 455.3872062328529 0.956293523311615
611.2031865119934 390.4944849014282 627.1985936164856 408.4278631210327 0.9558058381080627
195.68458735942838 474.30158615112305 213.71181607246396 492.22024440765375 0.9557551145553589
15.376146733760836 654.8386287689209 28.774340003728874 673.9545392990112 0.9552901387214661
488.7524807453156 470.8113670349121 502.89285063743597 489.1888332366942 0.955163836479187
256.73513531684875 375.14915943145746 271.5637814998627 392.39885330200195 0.9550997018814087
467.0872592926026 401.0329914093018 481.79301738739014 419.9189186096191 0.9547092318534851
733.8153076171875 430.7614374160768 744.4186377525331 448.3875846862793 0.9546315670013428
861.5960025787352 284.490258693695 877.7338027954104 298.7079191207886 0.9546121954917908
425.276631116867 411.80877685546875 445.0375056266785 426.8003940582275 0.9538530111312866
-6.170094776898623 361.78055763244623 9.647712707519531 379.21757698059076 0.9533780813217163
218.80014896392822 393.8209819793701 233.99023354053494 410.1500558853149 0.9523112773895264
212.85713553428653 504.18727397918695 227.63811349868777 520.9228420257567 0.951438307762146
-5.4776463098824015 282.9027557373047 9.432109370827673 300.4814171791076 0.9511757493019104
197.2020524740219 394.87798690795904 215.35469591617587 413.0271863937378 0.9511176943778992
267.4536770582199 394.37716484069824 283.79021286964417 409.12708282470703 0.9508621692657471
118.70538711547852 460.8975791931151 137.0502001047134 474.52856540679926 0.9505850672721863
504.0106880664825 449.75297927856434 519.9906134605409 470.00395774841314 0.9505491852760315
1064.1393899917603 49.99933183193206 1079.384915828705 69.6899163722992 0.9503738880157471
1064.3755745887756 69.8355495929718 1079.710900783539 88.88054788112642 0.950293779373169
916.7874956130983 367.54413127899176 933.7670373916627 390.70764541625977 0.9500424861907959
