433.4470796585083 410.69671154022217 452.3547542095185 428.35680484771734 0.9791472554206848
293.96858453750616 442.9997348785401 314.64181780815125 459.43965911865234 0.9784955382347107
-5.134736783802509 678.1505870819091 7.963949963450431 695.1969480514526 0.9771765470504761
935.6198215484617 133.5953056812286 950.8684372901917 153.30255746841434 0.9762833118438721
405.27905702590937 385.8761072158814 422.26854443550104 405.25002479553217 0.9738439321517944
600.4649305343629 404.30992126464844 618.4117412567138 420.4888772964478 0.9729006290435791
105.46004354953766 460.97272396087646 121.9768077135086 481.1724615097046 0.9715671539306641
149.03164386749268 587.7733612060547 164.53120172023773 604.8730659484863 0.9708149433135986
470.8336301250795 391.1247145564005 487.06438339186343 406.8770843188773 0.9689063429832458
15.626000538468363 666.9150495529174 30.68979933857918 683.1589365005494 0.9683568477630615
631.8004274368286 401.7147016525268 645.2009582519531 420.4593515396119 0.9678105115890503
10.47271627932787 397.2034406661987 32.06247746944427 416.1682033538819 0.9654253721237183
236.04796528816223 612.011604309082 248.3766210079193 627.8061676025391 0.9648065567016602
432.20657944679255 360.1575422286988 451.8357145786285 376.40868186950684 0.9637572765350342
42.460514008998864 391.35682582855225 62.009661644697196 406.25497341156006 0.9631543159484863
169.46293115615845 554.9900293350221 185.0604808330536 572.6380205154419 0.9623493552207947
408.5052073001861 370.09544849395746 427.86709785461414 387.3288774490356 0.9619375467300415
326.7512190341949 383.2746648788452 341.590873003006 400.7224130630493 0.9617747664451599
1061.4556789398193 15.786100924015049 1075.6830167770383 30.538840591907505 0.961443305015564
203.79838764667508 566.9393348693849 218.73247683048248 584.932279586792 0.9610628485679626
488.7916195392608 406.8130874633789 508.04127573966974 424.5665216445922 0.9598785638809204
833.7744889578303 322.6660662263746 850.7729141213956 338.1815479718108 0.9592552781105042
743.7390518188478 200.34777402877805 761.6220688819884 215.72243213653562 0.9588144421577454
352.4225986003875 372.93120861053467 368.19228172302246 390.88274002075195 0.9583048820495605
859.2479324340823 269.5573925971985 876.2110590934753 288.2376694679261 0.9580036997795105
-5.8966915123164645 242.79085636138916 9.288615882396698 260.5471658706665 0.9576654434204102
356.74881935119623 546.3803529739379 372.58390545845026 565.437297821045 0.9576080441474915
-5.274944733828305 170.64454078674316 9.29133765399456 188.74430179595944 0.9570626020431519
403.07637333869934 349.7205948829651 420.41482686996466 368.61508369445795 0.9567316770553589
8.152812346816063 691.2390804290771 28.071416839957237 707.6552724838257 0.9565793871879578
925.5492424964905 162.91437149047852 942.1171188354492 178.3713734149933 0.9556179046630859
-5.437090303748847 198.64281177520752 9.421785548329353 216.88904285430908 0.9554853439331055
703.6872553825378 2.83784419298172 717.6305794715881 20.10292857885361 0.9553306102752686
14.751304015517237 650.4041004180909 29.661971479654312 666.7586660385132 0.9552520513534546
189.39181923866272 650.6966114044188 206.90688014030454 668.4719753265382 0.9547206163406372
982.2155857086182 334.618513584137 997.3922967910764 349.8753905296325 0.9538121223449707
226.2064093351364 691.5970802307129 239.64707672595978 706.537585258484 0.9537069797515869
-5.422908626496792 226.70373916625977 9.428051859140396 244.5736455917358 0.9535459876060486
441.45514726638794 424.897313117981 456.595777273178 441.8771123886108 0.9522284269332886
852.5847458839417 328.16194295883173 866.2605357170104 342.7869129180909 0.9518265128135681
120.26834785938262 351.8352913856506 136.68792486190796 364.1334772109986 0.9513624310493469
896.9707131385805 164.09318089485168 914.4580292701722 177.36260533332825 0.9512780904769897
23.0765837430954 377.5261116027832 39.892364591360085 397.3467350006103 0.9512532949447632
765.515606403351 195.68036556243894 782.922327518463 212.209939956665 0.9511820673942566
1059.898624420166 672.4143505096434 1076.2055969238281 684.7779178619386 0.9501116275787354
203.62248837947848 647.7281141281129 217.9541909694672 663.783473968506 0.9501026272773743
531.6943359375 416.6756343841552 546.5164160728456 435.85003852844227 0.9486504793167114
333.04889559745783 540.6455755233765 344.82600331306463 555.7102346420288 0.9486154317855835
-5.460875127464532 458.6008358001709 9.605081677436829 475.95056533813477 0.9484663009643555
949.2506146430968 410.7773923873901 971.2597489356995 425.75660705566406 0.9484596848487854
