508.793995245585 412.1503894357722 523.4604576317989 429.0890622001118 0.9851101636886597
935.3476524353028 133.777277469635 950.5516576766969 152.8147602081299 0.9793451428413391
694.7474527359009 423.8532257080078 709.9020838737488 440.38670539855957 0.9785747528076172
1066.5259552001953 526.0401105880737 1080.1324796676638 542.3090600967407 0.9772411584854126
645.2558040618895 408.1136369705201 661.7856359481813 422.9911422729492 0.9765913486480713
496.02717876434326 405.13097763061523 512.7179431915283 419.5048713684082 0.9763436317443848
431.66610360145563 350.82396984100336 447.71680712699896 368.3389663696289 0.975978434085846
417.2625161675254 427.16848433145606 432.1188904347297 443.13946908287454 0.9755455851554871
729.5311546325684 434.4060659408568 745.4359889030458 451.23046875 0.974653959274292
-5.138829499483109 678.6145877838135 8.104461170732975 695.0729227066041 0.9745225310325623
704.1042637825012 579.4245672225952 720.9432792663575 595.4591989517212 0.972594141960144
148.3399397134781 587.609896659851 165.22227823734283 605.0165319442748 0.9724423885345459
815.2250289916993 281.2684535980224 831.3308358192444 302.1358251571655 0.9696599841117859
690.0336524485174 634.8485294673577 705.4566066157619 650.9220951907172 0.9692021012306213
15.799829810857773 666.3807964324951 30.099820643663406 683.7157201766969 0.9687545895576477
851.2399291992188 289.51502323150635 865.2312755584718 308.9258480072021 0.9680325388908386
463.8056838512422 412.91560649871826 477.50847816467285 431.64965629577637 0.9672517776489258
189.80604350566864 665.9058094024657 208.52805018424985 685.0822305679322 0.9653546810150146
170.09031057357788 555.6601524353026 185.27725696563724 572.2266340255736 0.9649812579154968
495.8674371242523 464.8393964767456 511.33978128433233 483.7539911270141 0.9649435877799988
427.13427543640137 498.1414031982422 445.33642172813416 516.086540222168 0.9648606777191162
486.5465462207794 421.98237419128424 503.9448022842407 440.2564144134522 0.964844286441803
326.74668073654175 383.1521844863891 341.4695942401886 400.43359279632574 0.9642326235771179
911.9393706321715 464.56182003021235 929.8431158065797 477.8693532943725 0.9640234112739563
64.82053354382515 406.58155918121344 80.23970156908035 423.9456224441529 0.9640225172042847
14.442969337105751 645.4254484176636 29.525198936462402 663.1361818313599 0.963679313659668
1013.6704301834105 298.17821502685547 1030.5767798423767 315.2345538139344 0.9635935425758362
471.0210291785296 473.33769009397923 486.1151898618312 491.8864912810303 0.9621496796607971
141.01282596588135 613.0454349517822 156.89131557941437 628.1666135787964 0.9615859985351562
1009.8545265197755 368.52616310119635 1024.1738533973694 386.9724655151367 0.9611849188804626
703.5797524452211 2.5254627317190175 717.6724219322203 19.98910903930664 0.9598506689071655
929.3021249771117 155.41761875152588 948.0839824676516 172.73953914642334 0.9596445560455322
794.1771769523621 482.21882343292225 807.1086215972902 501.4383316040039 0.9596025943756104
-5.608440712094308 202.90209531784055 8.970045894384382 220.5269551277161 0.959494948387146
-5.731745213270187 238.83534908294678 9.318290837109089 256.6263556480408 0.9593031406402588
923.6288022994994 439.6847820281982 940.6298446655271 456.5014171600341 0.9592747092247009
735.5331659317017 243.4870290756226 753.0650925636292 259.17009830474854 0.9585059285163879
170.06852030754087 583.6416006088256 184.61931645870212 599.3177604675293 0.9583413600921631
1065.428330898285 543.0508518218994 1078.8922047615054 558.1272268295287 0.9583377242088318
77.43395537137985 465.20138740539545 94.40565973520278 479.0319728851319 0.9578033089637756
888.7241435050964 290.21947860717773 904.368073940277 307.96362161636347 0.9576361179351807
565.1749992370605 697.1748733520508 581.8108534812927 714.8196887969972 0.9572546482086182
53.44961151480674 348.34537267684937 70.27553915977478 362.07349777221685 0.9568552374839783
924.1562747955323 287.5752925872803 940.9632968902589 311.36695861816406 0.9562004804611206
1061.0506439208984 15.519843399524687 1075.4481840133667 30.534042119979866 0.9559813141822815
15.000008158385752 467.60434627532953 33.03203970193863 484.77044105529797 0.9558871984481812
26.960763346176677 615.9903020149653 42.610120129877735 631.1666327595104 0.9557741284370422
131.44205510616302 580.6403589248656 146.75121366977692 596.1789751052855 0.9557449817657471
7.979966774582865 690.8066654205321 28.305577710270878 707.8422117233275 0.955270528793335
403.47941279411316 349.94527816772467 420.2650308609009 367.70502090454096 0.9549059271812439
