253.72672677040103 135.23172140121463 268.2355678081513 148.31624507904053 0.9789911508560181
103.9527091383934 194.5864963531494 122.40693211555484 211.35182619094854 0.9757840633392334
611.4607300365176 272.5591471688461 627.474134017836 288.26262261062976 0.9735428690910339
760.4440426826478 331.3080453872681 779.7558832168578 348.6715507507324 0.970201849937439
186.6054493188858 315.6227016448974 203.33887696266174 331.96797609329224 0.9696845412254333
230.86069107055664 58.89693796634674 247.36686587333682 73.18988800048828 0.9689834713935852
-5.3679099306464195 354.8841691017151 10.380451641976832 370.32410144805914 0.9681581258773804
487.6235067844391 427.89606571197515 502.18976855278027 449.9202203750611 0.9673965573310852
935.2528953552246 231.37322902679443 948.8050246238706 246.52039289474487 0.9661931991577148
274.5459580421447 173.33489298820498 295.65126299858093 187.97875642776492 0.965984582901001
-4.5953779108822355 291.59053802490234 11.013736277818682 308.72116327285767 0.9653195142745972
506.76305294036865 336.4569640159607 525.8531284332275 350.56576967239386 0.9651917815208435
146.81500732898712 175.30431032180786 161.652826666832 191.53339147567746 0.9651132225990295
558.9801263809204 335.67178487777716 572.9142451286315 352.15692043304443 0.9644598960876465
627.0509862899779 311.9169187545777 641.2813496589661 328.18056821823114 0.9640576839447021
568.2202935218812 446.9038724899292 584.8526716232299 464.7139978408813 0.963934600353241
893.1292533874511 429.83347892761225 907.1780848503113 448.9344549179078 0.9638687968254089
110.47038048505786 215.57939529418945 126.81145459413527 232.5164937973023 0.9635339975357056
815.5338263511658 362.77696609497065 835.84885597229 376.44073963165283 0.963397204875946
403.24989080429077 186.816565990448 417.8503668308258 204.10741567611691 0.9628358483314514
755.4911184310912 382.8079175949097 770.780611038208 400.71258544921875 0.9627346396446228
903.7133359909059 365.66422462463373 920.6934571266177 384.37261104583735 0.962325394153595
43.72042268514634 368.8246822357178 62.284079790115356 387.47440338134766 0.9621386528015137
352.3843630528977 363.30150305323997 365.92277161552494 378.14447246563145 0.962017834186554
575.0272250175476 322.3085904121399 589.7531962394714 340.61996698379517 0.9616794586181641
66.97233438491823 230.57875871658322 82.1130609512329 247.3261928558349 0.9613139033317566
527.9043424129487 411.8466711044312 543.1609725952148 425.9695959091187 0.9605432748794556
390.5029392242432 455.2407789230347 405.6365203857422 470.55709362030035 0.9604412317276001
586.5355110168456 353.27452182769775 603.644700050354 370.3311395645142 0.9601877331733704
41.28707438707351 510.3441667556763 55.62847718596459 527.2008848190308 0.9598703980445862
36.00997969508171 155.2031707763672 52.87021815776824 171.6565275192261 0.9596231579780579
407.9410099983215 175.22686958312988 424.1978359222412 191.2747621536255 0.9593155384063721
45.90197190642356 308.01417589187616 61.33426800370217 323.81455421447754 0.9590945243835449
1062.8837299346924 145.6588304042816 1079.0768909454348 163.75208973884583 0.9590567946434021
731.4224338531493 404.3015527725219 748.7772703170776 418.6559629440308 0.9585443735122681
360.6038296222687 450.0411128997804 377.86323308944696 467.19154357910156 0.958130955696106
366.148921251297 190.43226957321167 383.3464944362641 209.01742458343503 0.9580411314964294
923.099720478058 106.16330265998842 944.377770423889 121.3305401802063 0.9577248096466064
893.9850926399229 389.29688930511475 908.3888125419619 408.24899196624756 0.9576082229614258
786.3130474090575 378.47896099090576 803.8837909698487 395.65145015716547 0.9575851559638977
785.2894520759583 239.60020780563354 802.8724265098572 256.6089534759521 0.9572286009788513
107.72018820047379 302.51504659652704 125.39777487516406 317.77308225631714 0.9571635127067566
270.5598521232605 207.31081008911133 289.67989325523376 224.11283254623413 0.9568998217582703
1040.9400629997253 2.692669630050659 1054.5760703086853 18.89500111341476 0.9562782049179077
692.0552444458007 369.2022943496704 705.6932473182678 386.7598628997802 0.9560016989707947
141.14038109779355 255.74240684509283 157.48777985572815 271.21497631073 0.9559891819953918
139.23217177391052 365.9442472457886 152.90522575378418 386.3296365737915 0.9554653167724609
211.2672185897827 255.29477834701538 225.98504662513733 273.01883697509766 0.9552213549613953
357.1572661399841 306.5089631080628 374.6378552913666 320.0844168663025 0.9550072550773621
219.6650648117066 43.07035446166992 239.9001753330231 56.21500253677368 0.9548832178115845
