305.3610634803772 356.9754981994629 321.8074357509613 370.8044528961181 0.9871095418930054
13.248443529009819 675.121021270752 30.561731234192855 693.0976581573486 0.9783391952514648
972.5979995727539 421.8474912643432 986.0723018646239 441.6878128051758 0.9767240285873413
235.46481013298032 403.2865619659423 250.97193181514743 420.12272357940674 0.9755972027778625
-5.1992511190474024 358.95563364028925 12.469129711389542 381.36948108673096 0.9750388264656067
402.848846912384 535.1986312866211 418.98825645446783 550.8794260025024 0.9749187231063843
420.3615996374185 388.40646167247627 437.5445829242653 403.32048792494834 0.9748138189315796
671.5548849105834 471.2437391281127 690.2949643135071 485.9540033340455 0.9739272594451904
-2.760862614959478 523.6643600463867 14.752770513296127 539.6906232833861 0.9713861346244812
818.1458258628845 646.8472337722778 835.2505087852478 663.663182258606 0.9709025621414185
55.81603667954446 277.7338396634847 73.64747416418686 290.070883437225 0.9680222868919373
1062.3803329467773 135.63213229179382 1076.4572310447693 150.18149614334104 0.9673749208450317
447.87143111228954 508.2884788513185 466.00524544715876 522.7470016479492 0.9671760201454163
772.0515275001526 557.5419473648071 791.7890667915345 574.0213108062745 0.9642680883407593
602.5101900100708 433.49033832550055 617.564399242401 451.2451887130737 0.9640845060348511
731.2271261215211 513.3478546142578 748.0933713912965 532.7647733688356 0.9631028771400452
993.7626886367799 376.3552522659301 1009.5013761520385 390.57138919830317 0.9625508785247803
75.38653135299684 572.4375200271605 93.07988941669463 588.3015632629393 0.9624121785163879
622.4085536639072 454.39839050095134 639.6985281436107 471.3649324066989 0.962034285068512
473.0733950905432 342.5749784609571 488.8441945561701 357.6190674167674 0.9617372751235962
817.1875047683715 566.3307952880859 830.2501416206361 585.2791213989258 0.9616081714630127
395.0591969490051 470.2006387710571 409.50945854187006 486.02622985839844 0.961304783821106
693.6751914024354 481.315712928772 715.162389278412 499.2578887939453 0.9610257148742676
787.171139717102 633.0322265625 802.2642302513123 646.6014575958252 0.9605388641357422
409.07413601875305 366.6111946105957 422.7111732959748 383.565673828125 0.9602941274642944
224.48792338371274 341.8970847129821 243.12688887119293 354.4996047019958 0.9601237773895264
1041.2041211128235 2.7406704425811768 1054.6114754676819 18.92948493361473 0.9598245024681091
394.7946882247925 454.1792678833008 411.01742863655085 471.71572208404535 0.958713710308075
941.7986011505126 523.6733722686768 958.2540178298949 541.6716814041139 0.9574477076530457
487.8982830047607 424.4966125488281 501.81891560554493 440.31864166259766 0.9571587443351746
1063.8638734817505 42.283523082733154 1079.3303275108335 61.14454865455629 0.9570692777633667
936.6784358024597 419.1762685775756 949.6860337257388 437.0189666748047 0.9569323658943176
-6.036152131855489 658.0865907669069 8.853644393384457 675.9017801284791 0.9565885066986084
728.8081812858582 434.3971824645996 744.5782184600829 449.7151279449462 0.9562183618545532
522.1801006793976 420.15340805053717 537.5220572948457 434.3894577026367 0.9555196166038513
829.0056180953978 633.586778640747 844.5206737518312 653.0784130096437 0.9552009105682373
39.21985968947411 102.14391589164734 56.39959752559662 119.75865840911862 0.9551050066947937
680.4507207870485 422.49594211578375 695.7540535926819 440.43275356292736 0.9550907611846924
-6.012733932584525 342.468867301941 10.659503638744354 357.7034282684326 0.9548842906951904
210.4195592557876 485.85267446956084 227.3333687149491 503.3700309974026 0.9548099637031555
99.94544059038161 290.90056657791143 114.52304005622867 306.7048287391663 0.9543969631195068
1064.511079788208 86.87349379062654 1079.8569631576538 104.72105741500853 0.9543790221214294
1059.1400527954104 283.05894613265986 1077.5020051002502 298.8239407539368 0.9542924761772156
649.7747898101807 421.8147039413452 662.9957842826842 440.7829427719116 0.9538722038269043
804.6785402297974 455.17670631408686 822.8480815887451 472.23555564880377 0.9538450837135315
91.67757958173752 381.35965347290033 106.06965601444244 402.0488834381104 0.9538118243217468
-5.505885444581509 678.8859844207763 8.7114967033267 694.6889591217042 0.9535931348800659
1025.9472012519839 331.46809816360474 1042.6165938377378 346.7488360404968 0.9535665512084961
370.18758773803717 467.4734115600586 386.78336977958685 482.6766443252563 0.9524247050285339
506.6803014278412 484.7194147109985 525.4246294498444 505.61751365661615 0.9520003199577332
